LAUNE	2008	1	1	0.6	-0.6	0.03	6.21
LAUNE	2008	1	2	-1.1	-7	0.06	5.085
LAUNE	2008	1	3	-5.7	-7	0.02	7.11
LAUNE	2008	1	4	-6.8	-10	0.03	4.86
LAUNE	2008	1	5	-6.4	-10.4	0.04	7.83
LAUNE	2008	1	6	-4.9	-7.6	0.04	10.62
LAUNE	2008	1	7	-4.6	-5.9	0.03	6.255
LAUNE	2008	1	8	-3.4	-4.2	0.03	6.525
LAUNE	2008	1	9	-1.5	-3.5	0.05	3.87
LAUNE	2008	1	10	1.4	0.4	0.04	7.83
LAUNE	2008	1	11	3.3	0.5	0.07	11.115
LAUNE	2008	1	12	2.8	1.8	0.05	7.515
LAUNE	2008	1	13	2.9	-0.4	0.08	12.105
LAUNE	2008	1	14	4	-0.4	0.1	7.605
LAUNE	2008	1	15	2.3	0.9	0.06	9.585
LAUNE	2008	1	16	2.3	1	0.06	12.105
LAUNE	2008	1	17	3	1.7	0.06	11.7
LAUNE	2008	1	18	1.6	0.8	0.05	7.155
LAUNE	2008	1	19	2.5	0.4	0.08	10.8
LAUNE	2008	1	20	1.9	-1.9	0.1	11.475
LAUNE	2008	1	21	0.4	-1.9	0.08	3.555
LAUNE	2008	1	22	-2.1	-2.7	0.04	7.02
LAUNE	2008	1	23	-2.4	-5.5	0.08	3.87
LAUNE	2008	1	24	2	-5.5	0.15	9.945
LAUNE	2008	1	25	1.6	-0.5	0.09	4.95
LAUNE	2008	1	26	0.3	-2.1	0.1	6.615
LAUNE	2008	1	27	-3.1	-4.8	0.07	7.65
LAUNE	2008	1	28	1	-8.8	0.17	5.04
LAUNE	2008	1	29	3.2	1.3	0.11	6.975
LAUNE	2008	1	30	1.7	-0.5	0.11	2.115
LAUNE	2008	1	31	-0.9	-3.1	0.1	6.66
LAUNE	2008	2	1	0.5	-0.9	0.09	11.565
LAUNE	2008	2	2	1.7	0.3	0.1	11.61
LAUNE	2008	2	3	-0.7	-3.8	0.13	10.35
LAUNE	2008	2	4	-0.2	-3.4	0.14	3.015
LAUNE	2008	2	5	0.2	-1.3	0.11	4.365
LAUNE	2008	2	6	1.2	0.2	0.1	4.05
LAUNE	2008	2	7	0.9	0.2	0.08	3.285
LAUNE	2008	2	8	1	0.2	0.09	3.015
LAUNE	2008	2	9	2.2	-0.2	0.17	6.21
LAUNE	2008	2	10	1.8	1.2	0.09	2.61
LAUNE	2008	2	11	1.5	0.7	0.11	1.17
LAUNE	2008	2	12	1.2	-0.3	0.14	4.41
LAUNE	2008	2	13	2.7	-2.1	0.26	11.115
LAUNE	2008	2	14	-2.5	-5.5	0.16	13.59
LAUNE	2008	2	15	-5.6	-9.8	0.15	9.675
LAUNE	2008	2	16	-3.2	-15.3	0.21	4.59
LAUNE	2008	2	17	2.4	-3.1	0.31	9
LAUNE	2008	2	18	0.6	-8.4	0.32	5.355
LAUNE	2008	2	19	-0.6	-10.9	0.31	5.67
LAUNE	2008	2	20	-0.7	-7.9	0.3	0.945
LAUNE	2008	2	21	1.2	-2.6	0.28	8.28
LAUNE	2008	2	22	4.1	-0.8	0.37	8.235
LAUNE	2008	2	23	3.5	-2.1	0.39	9.09
LAUNE	2008	2	24	2.3	-3.8	0.39	3.87
LAUNE	2008	2	25	4	0.4	0.36	9.09
LAUNE	2008	2	26	3.3	-1.7	0.4	5.895
LAUNE	2008	2	27	3.3	0.2	0.34	3.42
LAUNE	2008	2	28	1	-4.3	0.38	6.84
LAUNE	2008	2	29	1.4	-4.5	0.41	2.835
LAUNE	2008	3	1	0.1	-1.3	0.22	8.415
LAUNE	2008	3	2	0.6	-2.5	0.33	5.175
LAUNE	2008	3	3	-2.3	-6.1	0.3	3.465
LAUNE	2008	3	4	-4.7	-6.8	0.2	8.325
LAUNE	2008	3	5	-3.5	-15.4	0.34	5.94
LAUNE	2008	3	6	0.3	-15.5	0.49	5.22
LAUNE	2008	3	7	1.3	-1.5	0.37	4.365
LAUNE	2008	3	8	1.1	-2	0.39	5.4
LAUNE	2008	3	9	3.8	0.5	0.48	8.01
LAUNE	2008	3	10	5.9	3.2	0.49	7.38
LAUNE	2008	3	11	5.6	2.4	0.54	5.67
LAUNE	2008	3	12	2.5	1.4	0.29	8.055
LAUNE	2008	3	13	1.2	0.4	0.24	2.655
LAUNE	2008	3	14	1.9	-0.5	0.42	1.575
LAUNE	2008	3	15	-1.1	-4.2	0.4	2.475
LAUNE	2008	3	16	0.5	-3.2	0.48	1.935
LAUNE	2008	3	17	1	-1.4	0.42	0.855
LAUNE	2008	3	18	0.3	-2.3	0.43	2.52
LAUNE	2008	3	19	-1.7	-9	0.54	3.96
LAUNE	2008	3	20	-4.2	-12.8	0.45	5.22
LAUNE	2008	3	21	-3.2	-16	0.49	1.71
LAUNE	2008	3	22	-1.7	-17.5	0.56	3.78
LAUNE	2008	3	23	-4	-6.3	0.33	5.76
LAUNE	2008	3	24	-1	-9.1	0.65	4.095
LAUNE	2008	3	25	0.7	-11.2	0.78	6.885
LAUNE	2008	3	26	-3.5	-5.1	0.32	11.925
LAUNE	2008	3	27	0.8	-5	0.71	9.45
LAUNE	2008	3	28	5.1	-6.3	1.11	6.165
LAUNE	2008	3	29	6.3	-4.1	1.19	9.9
LAUNE	2008	3	30	4.9	-1.9	1	6.165
LAUNE	2008	3	31	10.5	-1.7	1.57	5.265
LAUNE	2008	4	1	11.8	-1.8	1.74	4.275
LAUNE	2008	4	2	12.1	-3.5	1.83	2.925
LAUNE	2008	4	3	12.2	-1.2	1.82	0.81
LAUNE	2008	4	4	11.5	-2.6	1.81	2.61
LAUNE	2008	4	5	3.4	-1.7	0.92	6.48
LAUNE	2008	4	6	7.1	3.4	0.99	3.555
LAUNE	2008	4	7	8	3.9	1.09	2.295
LAUNE	2008	4	8	6.5	5.5	0.55	3.375
LAUNE	2008	4	9	4.5	0.6	0.94	8.505
LAUNE	2008	4	10	6.2	-2.1	1.35	4.815
LAUNE	2008	4	11	5.8	-3	1.36	2.025
LAUNE	2008	4	12	8.3	1.4	1.45	3.87
LAUNE	2008	4	13	1.9	0.5	0.55	4.365
LAUNE	2008	4	14	3.5	-4.4	1.21	5.895
LAUNE	2008	4	15	8.9	-5.3	1.86	3.645
LAUNE	2008	4	16	4.2	2	0.79	4.23
LAUNE	2008	4	17	10.2	-1	1.95	4.14
LAUNE	2008	4	18	9.7	-0.6	1.89	3.195
LAUNE	2008	4	19	8.4	-4.3	1.88	4.86
LAUNE	2008	4	20	9.4	-6.1	2.06	4.905
LAUNE	2008	4	21	9.6	-2.5	2.02	3.78
LAUNE	2008	4	22	9.7	-4.6	2.12	3.285
LAUNE	2008	4	23	14.3	-5.2	2.75	6.66
LAUNE	2008	4	24	14.4	2	2.59	4.815
LAUNE	2008	4	25	14.7	-1.7	2.81	1.8
LAUNE	2008	4	26	16.7	-1.4	3.13	2.97
LAUNE	2008	4	27	17.5	0.6	3.22	5.715
LAUNE	2008	4	28	15.3	6.6	2.51	4.14
LAUNE	2008	4	29	19.7	5.2	3.45	2.745
LAUNE	2008	4	30	21.4	5.8	3.75	3.285
LAUNE	2008	5	1	19.8	8.2	3.31	4.905
LAUNE	2008	5	2	22.2	9.8	3.68	3.195
LAUNE	2008	5	3	22	6.7	3.91	4.5
LAUNE	2008	5	4	22.8	4.4	4.23	3.555
LAUNE	2008	5	5	12.3	2.3	2.5	13.185
LAUNE	2008	5	6	9.9	1.2	2.18	6.66
LAUNE	2008	5	7	10.9	4.9	2.02	3.735
LAUNE	2008	5	8	14.2	5.8	2.61	4.77
LAUNE	2008	5	9	18.1	5.4	3.44	1.44
LAUNE	2008	5	10	20.2	3.5	3.99	3.105
LAUNE	2008	5	11	23.6	3.5	4.67	8.775
LAUNE	2008	5	12	11.2	1.2	2.52	9.27
LAUNE	2008	5	13	9	-2	2.36	4.725
LAUNE	2008	5	14	8.1	0.1	2.08	5.715
LAUNE	2008	5	15	7.4	-1.5	2.09	3.015
LAUNE	2008	5	16	9.6	-2.3	2.52	3.015
LAUNE	2008	5	17	12	-3.3	2.97	3.555
LAUNE	2008	5	18	7.7	2.4	1.82	3.915
LAUNE	2008	5	19	11.1	-0.2	2.72	3.6
LAUNE	2008	5	20	12.7	0.9	2.96	2.115
LAUNE	2008	5	21	14.2	-0.5	3.33	1.305
LAUNE	2008	5	22	15.1	0.7	3.46	3.555
LAUNE	2008	5	23	15.5	1.1	3.53	4.68
LAUNE	2008	5	24	15.9	-0.2	3.69	4.41
LAUNE	2008	5	25	17.7	-0.4	4.06	2.835
LAUNE	2008	5	26	19.9	0.6	4.47	7.425
LAUNE	2008	5	27	11.4	1	2.81	6.525
LAUNE	2008	5	28	19.1	-0.3	4.38	5.31
LAUNE	2008	5	29	22	5.2	4.74	5.445
LAUNE	2008	5	30	21.6	9.4	4.31	4.59
LAUNE	2008	5	31	20.8	4.7	4.55	4.05
LAUNE	2008	6	1	22.6	3.5	5.02	5.895
LAUNE	2008	6	2	20.1	11.2	3.74	9.45
LAUNE	2008	6	3	17.2	7.8	3.48	7.155
LAUNE	2008	6	4	21.1	6.1	4.58	4.59
LAUNE	2008	6	5	27	5.5	5.98	5.895
LAUNE	2008	6	6	26.1	12.3	5.23	4.59
LAUNE	2008	6	7	18.2	7.1	3.85	4.14
LAUNE	2008	6	8	24.5	9.5	5.14	7.785
LAUNE	2008	6	9	15.4	7.2	3.17	7.695
LAUNE	2008	6	10	14.2	7.6	2.81	7.29
LAUNE	2008	6	11	14	7.9	2.71	8.055
LAUNE	2008	6	12	11	7	2.04	2.025
LAUNE	2008	6	13	14.1	4.1	3.25	2.385
LAUNE	2008	6	14	18.1	3.2	4.21	4.005
LAUNE	2008	6	15	16.5	7.9	3.38	4.23
LAUNE	2008	6	16	18	5.5	4.01	4.095
LAUNE	2008	6	17	21.7	8	4.66	4.095
LAUNE	2008	6	18	13.9	9.2	2.45	2.835
LAUNE	2008	6	19	20.1	7.8	4.29	6.12
LAUNE	2008	6	20	19.2	11.5	3.55	4.23
LAUNE	2008	6	21	17.6	6.9	3.78	6.66
LAUNE	2008	6	22	19.6	7.3	4.22	3.24
LAUNE	2008	6	23	16.1	7.5	3.34	5.67
LAUNE	2008	6	24	14.6	10.1	2.46	5.085
LAUNE	2008	6	25	13.6	3.8	3.17	7.155
LAUNE	2008	6	26	17.6	3.1	4.1	5.49
LAUNE	2008	6	27	20.4	6.9	4.43	4.41
LAUNE	2008	6	28	20.2	8.7	4.19	3.915
LAUNE	2008	6	29	18.2	8.3	3.73	2.07
LAUNE	2008	6	30	20.8	10.6	4.09	2.88
LAUNE	2008	7	1	21.8	10.6	4.34	2.115
LAUNE	2008	7	2	20.7	9.7	4.16	2.79
LAUNE	2008	7	3	19.5	12	3.49	4.275
LAUNE	2008	7	4	25.4	15.3	4.61	6.615
LAUNE	2008	7	5	16.7	10	3.04	7.065
LAUNE	2008	7	6	16.7	6.6	3.51	4.365
LAUNE	2008	7	7	16.4	9.8	2.97	4.545
LAUNE	2008	7	8	17.8	6.4	3.76	4.05
LAUNE	2008	7	9	19.5	5.8	4.19	2.655
LAUNE	2008	7	10	20.2	10.1	3.89	3.645
LAUNE	2008	7	11	22.4	7.7	4.66	4.995
LAUNE	2008	7	12	22.5	12.5	4.12	4.005
LAUNE	2008	7	13	22.8	11.2	4.35	5.445
LAUNE	2008	7	14	21	12.7	3.65	2.385
LAUNE	2008	7	15	22.3	13.2	3.91	5.58
LAUNE	2008	7	16	19.4	10.6	3.52	6.39
LAUNE	2008	7	17	16.8	7.8	3.24	2.88
LAUNE	2008	7	18	19.9	6.5	4.05	2.16
LAUNE	2008	7	19	23	9	4.51	3.87
LAUNE	2008	7	20	19.6	9.2	3.67	5.715
LAUNE	2008	7	21	18.8	13.4	2.78	7.695
LAUNE	2008	7	22	17.9	12.6	2.66	7.695
LAUNE	2008	7	23	23.4	10.6	4.34	5.175
LAUNE	2008	7	24	22.7	10.8	4.13	2.295
LAUNE	2008	7	25	25	9.6	4.74	3.015
LAUNE	2008	7	26	25.7	16	4.13	4.77
LAUNE	2008	7	27	22	9.6	4.01	5.4
LAUNE	2008	7	28	21.3	8.3	3.95	3.15
LAUNE	2008	7	29	20.7	6.9	3.92	4.095
LAUNE	2008	7	30	22.2	6.5	4.22	1.845
LAUNE	2008	7	31	24.5	6.6	4.64	2.79
LAUNE	2008	8	1	22	11.8	3.62	4.05
LAUNE	2008	8	2	18.3	10.9	2.85	1.665
LAUNE	2008	8	3	17.5	11.6	2.52	3.6
LAUNE	2008	8	4	14.5	9.6	2.1	4.14
LAUNE	2008	8	5	16.4	6.4	2.9	6.345
LAUNE	2008	8	6	16.1	5	2.94	2.655
LAUNE	2008	8	7	18.1	9.7	2.85	4.14
LAUNE	2008	8	8	17.5	11.7	2.4	5.67
LAUNE	2008	8	9	16.6	8.7	2.6	4.455
LAUNE	2008	8	10	16.1	8	2.55	1.26
LAUNE	2008	8	11	18.6	10.6	2.73	4.5
LAUNE	2008	8	12	21.6	13.9	2.92	5.085
LAUNE	2008	8	13	20	15.1	2.29	6.93
LAUNE	2008	8	14	20.5	14.9	2.44	9.99
LAUNE	2008	8	15	20.3	9	3.12	6.03
LAUNE	2008	8	16	15.7	8.7	2.24	2.25
LAUNE	2008	8	17	18.2	15.7	1.54	4.41
LAUNE	2008	8	18	19.9	14.6	2.24	6.435
LAUNE	2008	8	19	16.5	11.9	1.88	4.725
LAUNE	2008	8	20	19.6	12.8	2.4	3.06
LAUNE	2008	8	21	17.8	13.5	1.86	4.815
LAUNE	2008	8	22	18.6	10.2	2.47	6.525
LAUNE	2008	8	23	19.3	8.5	2.72	3.465
LAUNE	2008	8	24	14.9	11.4	1.49	3.825
LAUNE	2008	8	25	17.9	12.4	1.97	6.93
LAUNE	2008	8	26	13.4	10.5	1.27	5.58
LAUNE	2008	8	27	13.1	10.1	1.26	0.99
LAUNE	2008	8	28	13	9.7	1.29	3.51
LAUNE	2008	8	29	13.3	7.2	1.66	7.155
LAUNE	2008	8	30	13.3	6.5	1.71	5.04
LAUNE	2008	8	31	12.2	1.7	1.87	5.85
LAUNE	2008	9	1	14.3	1.3	2.12	6.885
LAUNE	2008	9	2	10.6	4.2	1.44	3.42
LAUNE	2008	9	3	16.4	8.7	1.89	5.265
LAUNE	2008	9	4	18.1	6	2.29	6.165
LAUNE	2008	9	5	17.4	9.4	1.92	4.68
LAUNE	2008	9	6	17.2	11.6	1.63	4.41
LAUNE	2008	9	7	15.6	7.8	1.73	1.395
LAUNE	2008	9	8	14.5	6.3	1.67	3.735
LAUNE	2008	9	9	12.5	9.2	1.06	4.86
LAUNE	2008	9	10	13.5	5.6	1.54	4.545
LAUNE	2008	9	11	10	4.2	1.18	4.905
LAUNE	2008	9	12	8.7	3.2	1.07	5.265
LAUNE	2008	9	13	11.4	3.2	1.36	4.905
LAUNE	2008	9	14	7.4	4.5	0.75	4.23
LAUNE	2008	9	15	7.9	6.2	0.59	3.285
LAUNE	2008	9	16	6.7	4.8	0.58	3.015
LAUNE	2008	9	17	7.8	4.8	0.73	2.79
LAUNE	2008	9	18	8	5.2	0.71	1.44
LAUNE	2008	9	19	9.3	5.6	0.82	0.855
LAUNE	2008	9	20	10.7	3.6	1.11	0.855
LAUNE	2008	9	21	13.8	1.6	1.45	1.44
LAUNE	2008	9	22	16.9	2.5	1.67	1.44
LAUNE	2008	9	23	15.9	1.4	1.58	1.98
LAUNE	2008	9	24	17.2	2.7	1.63	1.89
LAUNE	2008	9	25	15.2	3.3	1.41	1.845
LAUNE	2008	9	26	14.7	3.7	1.32	3.96
LAUNE	2008	9	27	11.5	2	1.09	5.22
LAUNE	2008	9	28	11.5	6.9	0.82	9.765
LAUNE	2008	9	29	10.2	-2.5	1.06	3.15
LAUNE	2008	9	30	8.6	-3.5	0.95	0.405
LAUNE	2008	10	1	9.3	5.8	0.63	7.47
LAUNE	2008	10	2	10.2	7.7	0.55	4.455
LAUNE	2008	10	3	10.7	6.4	0.69	4.14
LAUNE	2008	10	4	9.3	2.1	0.77	1.575
LAUNE	2008	10	5	10.3	7.2	0.56	10.035
LAUNE	2008	10	6	11	3.9	0.79	8.505
LAUNE	2008	10	7	12.1	-2	0.98	5.445
LAUNE	2008	10	8	10.9	-3	0.9	1.53
LAUNE	2008	10	9	9.4	-3	0.8	2.97
LAUNE	2008	10	10	11	-0.3	0.82	4.14
LAUNE	2008	10	11	11.4	7.1	0.58	6.48
LAUNE	2008	10	12	13	6.4	0.71	7.29
LAUNE	2008	10	13	10	2	0.66	3.105
LAUNE	2008	10	14	10.6	4.6	0.59	4.59
LAUNE	2008	10	15	11.1	-1.2	0.74	3.555
LAUNE	2008	10	16	9.6	1.5	0.6	6.66
LAUNE	2008	10	17	7.1	4.7	0.32	4.905
LAUNE	2008	10	18	6.9	0.4	0.47	7.785
LAUNE	2008	10	19	8.5	2.6	0.47	2.835
LAUNE	2008	10	20	10.4	4.3	0.5	7.56
LAUNE	2008	10	21	10.9	8.9	0.31	11.52
LAUNE	2008	10	22	10.2	0.7	0.54	9.315
LAUNE	2008	10	23	7.7	-1.2	0.46	2.295
LAUNE	2008	10	24	9.9	6.6	0.34	10.8
LAUNE	2008	10	25	9.8	8	0.25	10.935
LAUNE	2008	10	26	9.1	7.5	0.22	11.88
LAUNE	2008	10	27	9.3	4.1	0.36	6.705
LAUNE	2008	10	28	5.5	3	0.22	2.925
LAUNE	2008	10	29	5.3	2.2	0.23	1.35
LAUNE	2008	10	30	5.6	3.3	0.2	4.05
LAUNE	2008	10	31	10	5.1	0.32	6.075
LAUNE	2008	11	1	5.7	-1.5	0.3	6.975
LAUNE	2008	11	2	2.9	-4.2	0.24	2.07
LAUNE	2008	11	3	5	0.9	0.22	4.5
LAUNE	2008	11	4	6.8	2.1	0.24	6.57
LAUNE	2008	11	5	6.3	-0.3	0.26	8.145
LAUNE	2008	11	6	1.2	-7	0.2	2.07
LAUNE	2008	11	7	1	-7.8	0.19	1.17
LAUNE	2008	11	8	2.7	0.3	0.13	3.825
LAUNE	2008	11	9	7.3	3.3	0.2	7.155
LAUNE	2008	11	10	7.9	4.1	0.19	12.195
LAUNE	2008	11	11	9.5	4.3	0.22	7.83
LAUNE	2008	11	12	8.6	4	0.2	6.795
LAUNE	2008	11	13	6.1	5	0.09	4.275
LAUNE	2008	11	14	5	3	0.11	5.895
LAUNE	2008	11	15	5.4	3.9	0.1	6.48
LAUNE	2008	11	16	3.7	-1.9	0.15	6.93
LAUNE	2008	11	17	-0.8	-4.2	0.09	5.985
LAUNE	2008	11	18	3.3	-1.5	0.13	12.285
LAUNE	2008	11	19	0.8	-2.9	0.1	4.14
LAUNE	2008	11	20	0.1	-8.5	0.12	0
LAUNE	2008	11	21	-3.7	-11	0.08	0
LAUNE	2008	11	22	-2.3	-11.2	0.09	3.285
LAUNE	2008	11	23	-1.2	-3.6	0.06	13.365
LAUNE	2008	11	24	0	-1.4	0.05	7.38
LAUNE	2008	11	25	0.2	-1.2	0.05	0.27
LAUNE	2008	11	26	0	-1.6	0.05	5.085
LAUNE	2008	11	27	3.8	-7.3	0.12	2.7
LAUNE	2008	11	28	5.8	-0.1	0.11	6.795
LAUNE	2008	11	29	3.7	1.1	0.07	5.85
LAUNE	2008	11	30	3.1	0.6	0.07	8.415
LAUNE	2008	12	1	5.2	3.2	0.06	5.67
LAUNE	2008	12	2	4.5	2.9	0.05	7.2
LAUNE	2008	12	3	4.3	2.5	0.06	9.675
LAUNE	2008	12	4	1.4	0.3	0.04	4.365
LAUNE	2008	12	5	0	-1.1	0.03	2.52
LAUNE	2008	12	6	-0.6	-2.4	0.04	4.545
LAUNE	2008	12	7	-1.4	-4.3	0.05	5.22
LAUNE	2008	12	8	0	-5.1	0.06	5.265
LAUNE	2008	12	9	-0.6	-1.6	0.03	8.73
LAUNE	2008	12	10	-1.9	-3.3	0.03	3.69
LAUNE	2008	12	11	0.5	-2.9	0.05	4.275
LAUNE	2008	12	12	1.8	0.3	0.04	10.845
LAUNE	2008	12	13	2.4	1.7	0.03	5.4
LAUNE	2008	12	14	1.5	-2	0.05	6.66
LAUNE	2008	12	15	-2.5	-4.3	0.03	3.825
LAUNE	2008	12	16	-3.2	-4.5	0.02	6.84
LAUNE	2008	12	17	-1	-3.4	0.04	9.675
LAUNE	2008	12	18	2.7	-1.8	0.06	10.215
LAUNE	2008	12	19	2.6	0.1	0.05	7.605
LAUNE	2008	12	20	1.3	0.1	0.03	4.635
LAUNE	2008	12	21	1.1	-0.4	0.03	6.57
LAUNE	2008	12	22	1.2	-0.2	0.03	8.235
LAUNE	2008	12	23	-0.4	-2	0.03	10.035
LAUNE	2008	12	24	-2	-4.2	0.03	4.14
LAUNE	2008	12	25	-3.3	-8.7	0.04	2.205
LAUNE	2008	12	26	0.9	-1.4	0.04	4.455
LAUNE	2008	12	27	1.6	-4.1	0.06	4.95
LAUNE	2008	12	28	-1.1	-10.7	0.06	2.565
LAUNE	2008	12	29	0.4	-0.9	0.03	6.66
LAUNE	2008	12	30	0.3	-2.4	0.05	7.965
LAUNE	2008	12	31	-0.6	-3.9	0.05	10.89
LAUNE	2009	1	1	-4.9	-11.2	0.04	8.865
LAUNE	2009	1	2	-9.3	-16	0.02	1.125
LAUNE	2009	1	3	-7.2	-17.5	0.03	5.76
LAUNE	2009	1	4	-8.9	-14.5	0.03	3.915
LAUNE	2009	1	5	-3.4	-19	0.05	4.14
LAUNE	2009	1	6	-1.1	-7.5	0.07	11.79
LAUNE	2009	1	7	-11.9	-18.7	0.01	1.35
LAUNE	2009	1	8	-3.8	-19.8	0.05	0.495
LAUNE	2009	1	9	1.1	-11	0.09	4.77
LAUNE	2009	1	10	1.5	-12.9	0.1	4.41
LAUNE	2009	1	11	2.5	1	0.05	11.925
LAUNE	2009	1	12	4.2	2.2	0.07	12.195
LAUNE	2009	1	13	3.9	2.9	0.05	8.775
LAUNE	2009	1	14	3.5	-0.1	0.09	5.4
LAUNE	2009	1	15	-0.3	-9.5	0.1	6.435
LAUNE	2009	1	16	-8.2	-14.5	0.04	3.33
LAUNE	2009	1	17	-5.5	-16.4	0.06	0.99
LAUNE	2009	1	18	-4.2	-5.1	0.03	4.59
LAUNE	2009	1	19	-3	-4.3	0.05	5.49
LAUNE	2009	1	20	-2.2	-3.3	0.05	10.395
LAUNE	2009	1	21	-0.4	-2.4	0.07	4.815
LAUNE	2009	1	22	-0.2	-3.4	0.09	4.32
LAUNE	2009	1	23	-3.3	-4.7	0.05	4.815
LAUNE	2009	1	24	-4	-5.9	0.06	3.78
LAUNE	2009	1	25	-2.6	-3.3	0.04	4.59
LAUNE	2009	1	26	-2.8	-4.2	0.06	4.86
LAUNE	2009	1	27	-3.2	-6.7	0.09	1.26
LAUNE	2009	1	28	-3.3	-5.6	0.08	1.215
LAUNE	2009	1	29	-2.9	-4.7	0.08	3.24
LAUNE	2009	1	30	-2.6	-16.3	0.13	4.455
LAUNE	2009	1	31	-14.1	-20	0.01	1.17
LAUNE	2009	2	1	-4.1	-14.6	0.12	4.5
LAUNE	2009	2	2	-4.5	-8.9	0.11	4.365
LAUNE	2009	2	3	-2.5	-14.4	0.15	3.105
LAUNE	2009	2	4	-3.8	-4.8	0.07	2.7
LAUNE	2009	2	5	-4	-5.8	0.09	4.815
LAUNE	2009	2	6	-5.2	-8.6	0.11	5.175
LAUNE	2009	2	7	-0.2	-5.2	0.18	4.455
LAUNE	2009	2	8	1.8	-0.8	0.17	8.82
LAUNE	2009	2	9	0	-9.7	0.24	7.875
LAUNE	2009	2	10	-2.2	-13.5	0.2	0.315
LAUNE	2009	2	11	-5.2	-8	0.12	0
LAUNE	2009	2	12	-6	-8.5	0.11	2.88
LAUNE	2009	2	13	-6.7	-8.3	0.09	3.06
LAUNE	2009	2	14	-6.6	-8.3	0.09	5.265
LAUNE	2009	2	15	-6.4	-9	0.11	4.86
LAUNE	2009	2	16	-9.8	-14.6	0.09	4.14
LAUNE	2009	2	17	-8.8	-15.5	0.11	5.985
LAUNE	2009	2	18	-9	-11.8	0.09	6.21
LAUNE	2009	2	19	-5.5	-11.4	0.18	2.34
LAUNE	2009	2	20	-5	-8	0.16	2.52
LAUNE	2009	2	21	-3.8	-7.7	0.2	4.95
LAUNE	2009	2	22	-4.3	-12.1	0.23	6.885
LAUNE	2009	2	23	-4.4	-9.7	0.22	4.5
LAUNE	2009	2	24	-1	-8.4	0.33	4.14
LAUNE	2009	2	25	0	-13.9	0.38	4.68
LAUNE	2009	2	26	-2	-14.2	0.33	1.935
LAUNE	2009	2	27	-0.7	-4.1	0.28	1.98
LAUNE	2009	2	28	-4.7	-7	0.18	7.515
LAUNE	2009	3	1	-5.2	-7.5	0.18	3.555
LAUNE	2009	3	2	-4.3	-7.9	0.24	6.435
LAUNE	2009	3	3	-2.6	-6.1	0.28	4.59
LAUNE	2009	3	4	2.1	-1.7	0.4	1.575
LAUNE	2009	3	5	1.5	-2.2	0.39	4.95
LAUNE	2009	3	6	3.7	-4.4	0.59	3.375
LAUNE	2009	3	7	0.4	-2.4	0.34	3.465
LAUNE	2009	3	8	0.8	-4.5	0.46	5.355
LAUNE	2009	3	9	-1.4	-3.9	0.31	5.445
LAUNE	2009	3	10	-2.4	-3.3	0.19	4.275
LAUNE	2009	3	11	-1	-2.8	0.29	1.935
LAUNE	2009	3	12	-0.2	-2.8	0.36	2.52
LAUNE	2009	3	13	2.4	-4.1	0.6	2.97
LAUNE	2009	3	14	3.6	-5.5	0.73	4.275
LAUNE	2009	3	15	2.2	-2.9	0.58	2.475
LAUNE	2009	3	16	2.5	-5.4	0.69	5.445
LAUNE	2009	3	17	0.5	-0.9	0.32	1.755
LAUNE	2009	3	18	0.8	-1.4	0.4	3.33
LAUNE	2009	3	19	0.9	-12.4	0.69	5.715
LAUNE	2009	3	20	3.7	-12.6	0.87	9.045
LAUNE	2009	3	21	2.8	-3.7	0.73	7.92
LAUNE	2009	3	22	1.5	-8	0.75	3.06
LAUNE	2009	3	23	-0.1	-10.8	0.69	1.08
LAUNE	2009	3	24	-1.2	-12.3	0.64	3.87
LAUNE	2009	3	25	-2.1	-15.3	0.59	3.87
LAUNE	2009	3	26	-2.1	-16.8	0.58	2.61
LAUNE	2009	3	27	-0.8	-19.3	0.61	1.17
LAUNE	2009	3	28	1.9	-12.2	0.89	7.515
LAUNE	2009	3	29	2.8	0.3	0.59	3.24
LAUNE	2009	3	30	4.6	-0.1	0.85	8.685
LAUNE	2009	3	31	7.4	-2.7	1.27	9.045
LAUNE	2009	4	1	4.8	-4.5	1.11	6.885
LAUNE	2009	4	2	5.6	-5.7	1.23	4.32
LAUNE	2009	4	3	6.3	1.2	1.02	4.185
LAUNE	2009	4	4	1.6	-0.1	0.51	3.33
LAUNE	2009	4	5	4.6	1	0.84	3.69
LAUNE	2009	4	6	2.5	0.4	0.61	2.43
LAUNE	2009	4	7	1.3	-0.4	0.53	2.97
LAUNE	2009	4	8	5	-0.8	1.08	4.275
LAUNE	2009	4	9	4.9	-0.1	1.04	13.95
LAUNE	2009	4	10	6.4	-2.2	1.36	3.06
LAUNE	2009	4	11	6.7	-3.4	1.46	3.105
LAUNE	2009	4	12	5.3	-1	1.2	5.085
LAUNE	2009	4	13	3	0.4	0.76	5.13
LAUNE	2009	4	14	6.8	-0.8	1.41	0.945
LAUNE	2009	4	15	6.2	-5.4	1.54	6.075
LAUNE	2009	4	16	5.1	-6.8	1.47	3.555
LAUNE	2009	4	17	5.2	-1.5	1.3	7.875
LAUNE	2009	4	18	3.1	-3.1	1.15	11.745
LAUNE	2009	4	19	5.4	-4.4	1.5	10.17
LAUNE	2009	4	20	4.1	-5.3	1.4	8.685
LAUNE	2009	4	21	7	-7.5	1.79	3.735
LAUNE	2009	4	22	8.6	-6.4	1.99	2.565
LAUNE	2009	4	23	12.1	-5.7	2.44	2.925
LAUNE	2009	4	24	16.4	-4.4	3.03	4.59
LAUNE	2009	4	25	21.1	1.5	3.65	4.77
LAUNE	2009	4	26	18.3	2.3	3.22	10.62
LAUNE	2009	4	27	21.1	6.5	3.51	6.255
LAUNE	2009	4	28	20.8	3	3.67	6.03
LAUNE	2009	4	29	10	4.7	1.71	7.155
LAUNE	2009	4	30	12.6	-1.9	2.62	3.87
LAUNE	2009	5	1	17.6	-3.4	3.43	2.835
LAUNE	2009	5	2	20.1	-0.4	3.81	3.735
LAUNE	2009	5	3	19.1	-0.8	3.69	5.805
LAUNE	2009	5	4	17.3	5.5	3.11	7.74
LAUNE	2009	5	5	14.9	5.7	2.67	8.595
LAUNE	2009	5	6	11.7	1.1	2.48	6.21
LAUNE	2009	5	7	16.5	0.6	3.34	4.995
LAUNE	2009	5	8	18.4	3.6	3.56	8.01
LAUNE	2009	5	9	11.6	2.7	2.4	7.65
LAUNE	2009	5	10	15.3	3.3	3.06	7.11
LAUNE	2009	5	11	12.6	4.9	2.42	3.24
LAUNE	2009	5	12	12.9	4.2	2.57	7.29
LAUNE	2009	5	13	13.2	5.3	2.53	6.615
LAUNE	2009	5	14	10.2	4.8	1.97	10.845
LAUNE	2009	5	15	14.7	-0.6	3.28	7.11
LAUNE	2009	5	16	14.6	1.2	3.2	4.23
LAUNE	2009	5	17	17.2	0.3	3.74	3.105
LAUNE	2009	5	18	18.1	0	3.94	3.195
LAUNE	2009	5	19	14.5	5.8	2.86	1.98
LAUNE	2009	5	20	16.8	9	3	4.005
LAUNE	2009	5	21	14.8	6.4	2.89	2.34
LAUNE	2009	5	22	17.4	7	3.43	3.195
LAUNE	2009	5	23	15.5	10.1	2.53	5.355
LAUNE	2009	5	24	16.9	9.3	3.05	5.175
LAUNE	2009	5	25	19.8	5.5	4.15	4.77
LAUNE	2009	5	26	22	6.4	4.58	6.66
LAUNE	2009	5	27	20.7	7.2	4.25	8.325
LAUNE	2009	5	28	15	4.9	3.21	6.48
LAUNE	2009	5	29	19.7	5	4.24	3.51
LAUNE	2009	5	30	24.8	4.4	5.4	2.655
LAUNE	2009	5	31	28.2	8.7	5.95	1.665
LAUNE	2009	6	1	26.3	9.4	5.47	6.255
LAUNE	2009	6	2	17.4	11.1	3	2.97
LAUNE	2009	6	3	13.2	8	2.42	6.21
LAUNE	2009	6	4	7.1	3.7	1.59	9.045
LAUNE	2009	6	5	6.5	3.7	1.43	7.245
LAUNE	2009	6	6	8.7	2.3	2.21	4.5
LAUNE	2009	6	7	13.6	1.8	3.3	3.6
LAUNE	2009	6	8	15.4	3.1	3.59	4.41
LAUNE	2009	6	9	14.8	3.5	3.43	3.69
LAUNE	2009	6	10	17.8	7.7	3.7	3.645
LAUNE	2009	6	11	19.6	6.9	4.22	4.635
LAUNE	2009	6	12	19.7	6.3	4.31	4.32
LAUNE	2009	6	13	24.3	14.1	4.55	5.355
LAUNE	2009	6	14	17.2	12.5	2.72	11.205
LAUNE	2009	6	15	10.6	9.6	1.07	9.585
LAUNE	2009	6	16	12.1	6.9	2.38	5.22
LAUNE	2009	6	17	14.5	7.7	2.89	8.73
LAUNE	2009	6	18	17	7.2	3.6	7.92
LAUNE	2009	6	19	14.5	8.6	2.74	4.41
LAUNE	2009	6	20	13.3	9.2	2.26	6.885
LAUNE	2009	6	21	19.4	6	4.3	2.97
LAUNE	2009	6	22	20.1	5.1	4.53	2.475
LAUNE	2009	6	23	23.7	5.4	5.33	2.07
LAUNE	2009	6	24	24.3	8	5.29	2.475
LAUNE	2009	6	25	24.9	10.3	5.22	3.285
LAUNE	2009	6	26	25.8	9.5	5.52	3.375
LAUNE	2009	6	27	20.1	9.9	4.03	2.79
LAUNE	2009	6	28	28.1	13.5	5.69	3.33
LAUNE	2009	6	29	25	10.9	5.16	3.06
LAUNE	2009	6	30	22.8	9.7	4.72	1.845
LAUNE	2009	7	1	25.2	9	5.38	2.79
LAUNE	2009	7	2	26.4	14.7	5.03	4.635
LAUNE	2009	7	3	19.4	5.9	4.25	5.4
LAUNE	2009	7	4	16.6	7.5	3.41	6.255
LAUNE	2009	7	5	14	3	3.28	6.165
LAUNE	2009	7	6	16.6	2.2	3.87	2.205
LAUNE	2009	7	7	17.8	3.7	4.02	6.435
LAUNE	2009	7	8	21.5	14.1	3.64	5.085
LAUNE	2009	7	9	18.3	14.9	2.38	8.37
LAUNE	2009	7	10	19.8	8	4.05	6.795
LAUNE	2009	7	11	21.8	7.7	4.54	2.97
LAUNE	2009	7	12	21.1	11.8	3.87	4.725
LAUNE	2009	7	13	15.4	12.6	1.96	3.69
LAUNE	2009	7	14	21.7	12	3.96	4.32
LAUNE	2009	7	15	23.5	12.2	4.39	4.365
LAUNE	2009	7	16	23.9	11.8	4.52	3.33
LAUNE	2009	7	17	23.8	13.2	4.29	5.4
LAUNE	2009	7	18	24.4	12.1	4.56	5.625
LAUNE	2009	7	19	23.1	13.6	4	5.265
LAUNE	2009	7	20	19.3	12.3	3.17	5.985
LAUNE	2009	7	21	20.2	10	3.72	5.355
LAUNE	2009	7	22	18.1	12	2.86	2.745
LAUNE	2009	7	23	20.2	11.2	3.52	2.79
LAUNE	2009	7	24	24.1	11.8	4.37	8.145
LAUNE	2009	7	25	23.1	11.2	4.18	4.365
LAUNE	2009	7	26	22.3	12.5	3.79	3.6
LAUNE	2009	7	27	21.9	10.3	3.94	3.06
LAUNE	2009	7	28	20.4	9.7	3.64	3.105
LAUNE	2009	7	29	23.2	13.2	3.84	2.655
LAUNE	2009	7	30	22.8	11.8	3.9	1.89
LAUNE	2009	7	31	22	9.2	3.96	3.375
LAUNE	2009	8	1	19.3	9.8	3.28	2.88
LAUNE	2009	8	2	20.4	8.7	3.61	1.35
LAUNE	2009	8	3	20.3	15.3	2.58	4.5
LAUNE	2009	8	4	17.1	11.8	2.38	2.835
LAUNE	2009	8	5	22	8.7	3.85	1.89
LAUNE	2009	8	6	23.4	9.6	4.03	2.025
LAUNE	2009	8	7	24	9.7	4.11	1.845
LAUNE	2009	8	8	25.4	9.5	4.37	0.72
LAUNE	2009	8	9	25.8	10.6	4.33	1.035
LAUNE	2009	8	10	24.5	8.4	4.19	3.195
LAUNE	2009	8	11	23.5	10.8	3.76	3.33
LAUNE	2009	8	12	17.2	13.4	1.93	4.77
LAUNE	2009	8	13	19.5	8.8	3.09	2.7
LAUNE	2009	8	14	19.3	8.1	3.08	4.275
LAUNE	2009	8	15	19	4.7	3.24	5.895
LAUNE	2009	8	16	19.8	4.7	3.34	6.3
LAUNE	2009	8	17	17	5.8	2.76	5.85
LAUNE	2009	8	18	13.1	6.2	2.01	2.925
LAUNE	2009	8	19	18.4	8.4	2.73	7.335
LAUNE	2009	8	20	17	7.2	2.56	2.52
LAUNE	2009	8	21	20.8	5.9	3.25	2.385
LAUNE	2009	8	22	19.3	4.6	3.04	4.41
LAUNE	2009	8	23	18.3	7.1	2.69	0.585
LAUNE	2009	8	24	19.4	7.8	2.79	3.375
LAUNE	2009	8	25	19.6	6.1	2.9	2.475
LAUNE	2009	8	26	20.1	8.8	2.76	4.635
LAUNE	2009	8	27	18.8	11.3	2.26	2.79
LAUNE	2009	8	28	19.6	14.4	1.97	1.26
LAUNE	2009	8	29	21.8	13.3	2.53	5.175
LAUNE	2009	8	30	17.1	6.8	2.3	3.15
LAUNE	2009	8	31	17.5	6.8	2.33	6.525
LAUNE	2009	9	1	17.4	13.4	1.56	7.38
LAUNE	2009	9	2	21.2	13.6	2.25	8.55
LAUNE	2009	9	3	19.4	11.2	2.16	4.725
LAUNE	2009	9	4	18	10.8	1.94	5.4
LAUNE	2009	9	5	18.1	8.6	2.12	3.195
LAUNE	2009	9	6	13.5	11.1	1.01	1.98
LAUNE	2009	9	7	18.7	10.1	2.02	2.115
LAUNE	2009	9	8	16.7	12.6	1.39	7.47
LAUNE	2009	9	9	22.9	14.1	2.24	9.54
LAUNE	2009	9	10	17.1	4.4	2.07	3.6
LAUNE	2009	9	11	18.1	2.4	2.22	2.295
LAUNE	2009	9	12	17.4	2.4	2.11	2.7
LAUNE	2009	9	13	16.5	7.5	1.73	1.98
LAUNE	2009	9	14	17.8	4.1	2.02	3.69
LAUNE	2009	9	15	18.3	2.5	2.09	0.72
LAUNE	2009	9	16	14.2	3.4	1.6	2.79
LAUNE	2009	9	17	12.3	3.7	1.36	6.39
LAUNE	2009	9	18	12.4	2.9	1.38	3.465
LAUNE	2009	9	19	16.4	8.7	1.46	3.555
LAUNE	2009	9	20	18.4	8.7	1.67	3.645
LAUNE	2009	9	21	17.7	6.6	1.67	2.565
LAUNE	2009	9	22	15.3	5	1.47	6.525
LAUNE	2009	9	23	16.3	3.7	1.58	6.39
LAUNE	2009	9	24	14	1	1.43	3.465
LAUNE	2009	9	25	10.6	-0.5	1.17	1.215
LAUNE	2009	9	26	15.3	3.5	1.41	3.6
LAUNE	2009	9	27	17.1	10.3	1.22	8.64
LAUNE	2009	9	28	11.6	2	1.1	5.085
LAUNE	2009	9	29	7.5	-0.9	0.86	3.465
LAUNE	2009	9	30	6.9	-2	0.83	3.645
LAUNE	2009	10	1	7	-1.8	0.81	1.8
LAUNE	2009	10	2	6.5	-4.9	0.82	2.925
LAUNE	2009	10	3	9.4	-4	0.96	5.445
LAUNE	2009	10	4	9.9	6.2	0.63	6.39
LAUNE	2009	10	5	5.9	-1.1	0.65	9.72
LAUNE	2009	10	6	7.4	-4.2	0.79	3.96
LAUNE	2009	10	7	10.2	4.7	0.69	10.35
LAUNE	2009	10	8	8.5	-5.2	0.82	4.68
LAUNE	2009	10	9	6.3	-3.6	0.67	3.51
LAUNE	2009	10	10	6.9	-6.5	0.71	2.925
LAUNE	2009	10	11	5.4	-7.6	0.63	1.35
LAUNE	2009	10	12	3.4	0.7	0.34	8.325
LAUNE	2009	10	13	2.1	-1.1	0.33	9.27
LAUNE	2009	10	14	3.8	-2.5	0.45	9.675
LAUNE	2009	10	15	5.9	-3.1	0.55	3.555
LAUNE	2009	10	16	7.1	-2.7	0.58	2.97
LAUNE	2009	10	17	4.4	0.1	0.37	7.065
LAUNE	2009	10	18	1.7	0.3	0.19	2.61
LAUNE	2009	10	19	0.7	-1.2	0.2	2.79
LAUNE	2009	10	20	3.9	-0.5	0.34	0
LAUNE	2009	10	21	5	-0.4	0.37	2.025
LAUNE	2009	10	22	5.9	3.4	0.28	5.625
LAUNE	2009	10	23	3.1	1.5	0.19	4.815
LAUNE	2009	10	24	2.7	1.1	0.18	2.475
LAUNE	2009	10	25	5.3	2.7	0.25	6.21
LAUNE	2009	10	26	7.6	6	0.22	3.69
LAUNE	2009	10	27	8.3	3.1	0.36	2.7
LAUNE	2009	10	28	2.5	0.7	0.17	9.72
LAUNE	2009	10	29	1.6	-3	0.23	9.045
LAUNE	2009	10	30	0.2	-7.1	0.24	2.88
LAUNE	2009	10	31	0.8	-8.6	0.25	1.71
LAUNE	2009	11	1	-0.4	-9.1	0.22	0
LAUNE	2009	11	2	3.2	-8.1	0.28	3.645
LAUNE	2009	11	3	2	-7.4	0.25	4.185
LAUNE	2009	11	4	0.5	-8.1	0.21	4.365
LAUNE	2009	11	5	0.5	-1.1	0.11	10.26
LAUNE	2009	11	6	0.8	-1.3	0.12	4.23
LAUNE	2009	11	7	1.9	0.2	0.12	4.725
LAUNE	2009	11	8	0.6	-2	0.12	2.565
LAUNE	2009	11	9	-2.2	-4.1	0.09	2.115
LAUNE	2009	11	10	0.3	-2.5	0.12	2.97
LAUNE	2009	11	11	0.5	-0.8	0.08	3.735
LAUNE	2009	11	12	-1.2	-3.2	0.09	4.05
LAUNE	2009	11	13	-3.3	-9.6	0.11	2.25
LAUNE	2009	11	14	-1	-10.3	0.14	4.365
LAUNE	2009	11	15	2.9	0.5	0.11	7.605
LAUNE	2009	11	16	3.2	-0.5	0.13	5.04
LAUNE	2009	11	17	3.3	0.5	0.11	4.995
LAUNE	2009	11	18	5.7	3	0.12	5.445
LAUNE	2009	11	19	6.1	4.4	0.09	2.925
LAUNE	2009	11	20	7.3	3.8	0.13	6.12
LAUNE	2009	11	21	8.7	1.6	0.18	7.74
LAUNE	2009	11	22	3.8	0.1	0.11	5.805
LAUNE	2009	11	23	6.9	4.9	0.09	7.38
LAUNE	2009	11	24	5.6	4.9	0.05	2.745
LAUNE	2009	11	25	5.3	4.2	0.06	4.23
LAUNE	2009	11	26	6.5	5.1	0.07	6.255
LAUNE	2009	11	27	5.9	2.8	0.09	6.255
LAUNE	2009	11	28	4.5	1.6	0.08	2.07
LAUNE	2009	11	29	3.9	2.4	0.06	1.575
LAUNE	2009	11	30	4.9	2.8	0.07	9.855
LAUNE	2009	12	1	5.2	-0.8	0.1	6.66
LAUNE	2009	12	2	-2.1	-6.3	0.06	0.63
LAUNE	2009	12	3	-1.6	-4.5	0.05	5.535
LAUNE	2009	12	4	-1	-3.1	0.04	4.32
LAUNE	2009	12	5	-1.7	-2.5	0.03	5.535
LAUNE	2009	12	6	0.5	-1.5	0.05	4.725
LAUNE	2009	12	7	0.9	-0.6	0.04	6.39
LAUNE	2009	12	8	0.5	-0.6	0.03	3.51
LAUNE	2009	12	9	-0.2	-0.9	0.03	1.8
LAUNE	2009	12	10	-1.1	-1.9	0.02	3.285
LAUNE	2009	12	11	-1.4	-5.5	0.05	2.34
LAUNE	2009	12	12	-2.8	-6.8	0.04	2.835
LAUNE	2009	12	13	-0.9	-14.1	0.06	4.815
LAUNE	2009	12	14	-12.1	-19.8	0.01	1.305
LAUNE	2009	12	15	-16.7	-22.3	0	0
LAUNE	2009	12	16	-16.4	-21.8	0	0.315
LAUNE	2009	12	17	-16.3	-23.1	0	1.8
LAUNE	2009	12	18	-19	-23.9	0	0
LAUNE	2009	12	19	-9	-22.1	0.01	0
LAUNE	2009	12	20	-7.5	-11.5	0.03	5.895
LAUNE	2009	12	21	-11.8	-12.9	0.01	4.185
LAUNE	2009	12	22	-5.2	-17.2	0.03	3.51
LAUNE	2009	12	23	0.4	-7.1	0.06	7.605
LAUNE	2009	12	24	-4.6	-9.2	0.04	6.885
LAUNE	2009	12	25	-7.6	-17.5	0.03	3.735
LAUNE	2009	12	26	-6.5	-9.6	0.03	8.82
LAUNE	2009	12	27	-10.5	-14.1	0.02	2.475
LAUNE	2009	12	28	0.1	-9.6	0.07	6.345
LAUNE	2009	12	29	-0.2	-3	0.04	4.41
LAUNE	2009	12	30	-3.1	-13.5	0.05	6.435
LAUNE	2009	12	31	-12.1	-14.4	0.01	4.05
LAUNE	2010	1	1	-13	-20.7	0	6.075
LAUNE	2010	1	2	-16	-24.5	0	3.6
LAUNE	2010	1	3	-7.3	-26.6	0.01	0.675
LAUNE	2010	1	4	-5	-7.9	0.04	1.575
LAUNE	2010	1	5	-6.5	-26.8	0.01	2.295
LAUNE	2010	1	6	-20	-26.7	0	0.585
LAUNE	2010	1	7	-10.2	-17.8	0.02	6.435
LAUNE	2010	1	8	-16.8	-24.1	0	2.385
LAUNE	2010	1	9	-16.3	-23.6	0	0
LAUNE	2010	1	10	-14.1	-20.3	0	0
LAUNE	2010	1	11	-2.6	-12	0.07	2.025
LAUNE	2010	1	12	-1.7	-3.5	0.05	3.285
LAUNE	2010	1	13	-4.4	-10.8	0.06	1.845
LAUNE	2010	1	14	-7.3	-10.8	0.04	0.54
LAUNE	2010	1	15	-5.8	-7.1	0.03	0.765
LAUNE	2010	1	16	-5.4	-7.1	0.04	2.88
LAUNE	2010	1	17	-6.3	-8.4	0.04	6.075
LAUNE	2010	1	18	-6.9	-14.8	0.05	6.03
LAUNE	2010	1	19	-9.4	-14.7	0.04	5.58
LAUNE	2010	1	20	-15.2	-23.6	0	0
LAUNE	2010	1	21	-19.4	-23.4	0	0.54
LAUNE	2010	1	22	-16.3	-24.9	0	2.25
LAUNE	2010	1	23	-16.6	-18.6	0	0.585
LAUNE	2010	1	24	-11.9	-20.5	0.02	0
LAUNE	2010	1	25	-12.7	-19.5	0.02	0.63
LAUNE	2010	1	26	-17.2	-28.3	0	0.27
LAUNE	2010	1	27	-17.2	-26.7	0	6.66
LAUNE	2010	1	28	-18.5	-22.8	0	7.83
LAUNE	2010	1	29	-13.2	-16.9	0.02	3.555
LAUNE	2010	1	30	-6.5	-11.4	0.08	4.815
LAUNE	2010	1	31	-2.8	-7.2	0.12	7.605
LAUNE	2010	2	1	-6.1	-8.6	0.07	4.185
LAUNE	2010	2	2	-5	-11.6	0.11	5.085
LAUNE	2010	2	3	-5.6	-12.6	0.11	3.105
LAUNE	2010	2	4	-4.6	-5.2	0.05	6.48
LAUNE	2010	2	5	-3.6	-4.8	0.08	6.12
LAUNE	2010	2	6	-5.1	-7.9	0.1	5.22
LAUNE	2010	2	7	-3.4	-7.6	0.14	4.23
LAUNE	2010	2	8	-1.9	-5.7	0.15	5.895
LAUNE	2010	2	9	-8.4	-12.4	0.09	5.31
LAUNE	2010	2	10	-9.9	-21.3	0.04	0.27
LAUNE	2010	2	11	-9.5	-19.4	0.06	2.565
LAUNE	2010	2	12	-8.1	-10	0.08	4.365
LAUNE	2010	2	13	-8.1	-16.2	0.11	1.575
LAUNE	2010	2	14	-8.2	-20.9	0.08	1.215
LAUNE	2010	2	15	-6.1	-18.3	0.14	2.115
LAUNE	2010	2	16	-6.3	-7.9	0.1	2.925
LAUNE	2010	2	17	-9.4	-13.4	0.1	2.25
LAUNE	2010	2	18	-11.3	-18.7	0.06	2.925
LAUNE	2010	2	19	-14.6	-20.2	0.01	4.5
LAUNE	2010	2	20	-18.2	-23.2	0	8.235
LAUNE	2010	2	21	-17	-20.2	0	4.32
LAUNE	2010	2	22	-12.1	-25	0	2.745
LAUNE	2010	2	23	-9.2	-26.9	0	5.715
LAUNE	2010	2	24	-12.6	-24.5	0	4.815
LAUNE	2010	2	25	-3.8	-19.8	0.22	2.205
LAUNE	2010	2	26	-2.3	-18.8	0.28	3.645
LAUNE	2010	2	27	0.4	-1.4	0.23	5.715
LAUNE	2010	2	28	0.9	0.2	0.16	7.38
LAUNE	2010	3	1	0.7	-0.5	0.21	7.605
LAUNE	2010	3	2	0.9	-3	0.36	2.565
LAUNE	2010	3	3	-2.7	-4.9	0.23	3.015
LAUNE	2010	3	4	-3.3	-6.1	0.25	5.67
LAUNE	2010	3	5	-5.6	-18.2	0.24	4.725
LAUNE	2010	3	6	-4.2	-20.8	0.25	3.915
LAUNE	2010	3	7	-3.9	-17.4	0.32	1.98
LAUNE	2010	3	8	0	-9.3	0.5	8.775
LAUNE	2010	3	9	0.2	-7.9	0.51	6.3
LAUNE	2010	3	10	5	-1.7	0.66	8.01
LAUNE	2010	3	11	6.7	0	0.74	10.35
LAUNE	2010	3	12	-0.4	-11.9	0.54	4.095
LAUNE	2010	3	13	0.8	-13.6	0.6	2.25
LAUNE	2010	3	14	-4.3	-15.9	0.37	4.05
LAUNE	2010	3	15	-5.5	-13.4	0.34	4.59
LAUNE	2010	3	16	-5	-21.5	0.27	1.575
LAUNE	2010	3	17	-3.1	-23.8	0.3	3.015
LAUNE	2010	3	18	-0.6	-14.1	0.59	6.435
LAUNE	2010	3	19	1.9	-2.2	0.57	2.52
LAUNE	2010	3	20	2.4	0.9	0.39	5.985
LAUNE	2010	3	21	1	-3.1	0.56	5.265
LAUNE	2010	3	22	1.2	-7.3	0.72	8.28
LAUNE	2010	3	23	3.7	-11.6	0.93	2.745
LAUNE	2010	3	24	3.2	-12.2	0.91	3.78
LAUNE	2010	3	25	4.7	-10.1	1.03	4.23
LAUNE	2010	3	26	6.5	-1.3	1.04	4.635
LAUNE	2010	3	27	4.2	0.9	0.69	4.185
LAUNE	2010	3	28	3	0.5	0.58	5.985
LAUNE	2010	3	29	1.8	-0.1	0.49	5.355
LAUNE	2010	3	30	3.5	-2.5	0.88	3.555
LAUNE	2010	3	31	5.2	-1.3	1	7.47
LAUNE	2010	4	1	9.2	2.6	1.24	5.985
LAUNE	2010	4	2	9.8	2.7	1.32	2.205
LAUNE	2010	4	3	6.1	3.1	0.81	0.945
LAUNE	2010	4	4	5.3	1.9	0.84	3.735
LAUNE	2010	4	5	6.2	0.8	1.07	3.285
LAUNE	2010	4	6	5	0.4	0.96	1.26
LAUNE	2010	4	7	3.3	-0.7	0.85	3.195
LAUNE	2010	4	8	10.7	0.3	1.7	5.31
LAUNE	2010	4	9	6.6	1	1.17	5.085
LAUNE	2010	4	10	8.8	-0.4	1.56	4.365
LAUNE	2010	4	11	9.3	2.5	1.46	4.995
LAUNE	2010	4	12	11.4	-2.3	1.98	3.33
LAUNE	2010	4	13	11.9	-2.2	2.07	1.755
LAUNE	2010	4	14	8.7	-3.7	1.76	4.41
LAUNE	2010	4	15	9.3	-4.6	1.87	5.805
LAUNE	2010	4	16	5.9	-1.4	1.37	3.015
LAUNE	2010	4	17	7.7	-4.1	1.72	8.775
LAUNE	2010	4	18	6.1	-4.8	1.58	8.82
LAUNE	2010	4	19	7.8	-6.2	1.82	5.895
LAUNE	2010	4	20	8.3	-5.6	1.89	3.735
LAUNE	2010	4	21	9.1	-5.6	2.01	3.96
LAUNE	2010	4	22	7.1	2	1.38	2.88
LAUNE	2010	4	23	3.2	-0.2	0.98	3.735
LAUNE	2010	4	24	4.8	-2.2	1.4	8.055
LAUNE	2010	4	25	12	-2.9	2.43	4.05
LAUNE	2010	4	26	14	-2.3	2.72	5.76
LAUNE	2010	4	27	14.9	1.2	2.76	8.1
LAUNE	2010	4	28	10	-1.6	2.18	5.625
LAUNE	2010	4	29	6.8	0.6	1.57	4.32
LAUNE	2010	4	30	12.2	6.1	1.98	5.94
LAUNE	2010	5	1	12.3	3.2	2.32	7.245
LAUNE	2010	5	2	8.9	-2.9	2.16	7.605
LAUNE	2010	5	3	11.4	-3	2.55	4.23
LAUNE	2010	5	4	5.5	-1.5	1.61	5.76
LAUNE	2010	5	5	10.5	-2.5	2.44	4.005
LAUNE	2010	5	6	10.5	-3.8	2.51	3.06
LAUNE	2010	5	7	9.4	2.6	1.97	6.975
LAUNE	2010	5	8	6.2	3	1.28	4.995
LAUNE	2010	5	9	7.8	4.2	1.46	4.995
LAUNE	2010	5	10	6	3.4	1.18	3.6
LAUNE	2010	5	11	15.4	1.9	3.19	5.445
LAUNE	2010	5	12	20	1.8	4.06	4.68
LAUNE	2010	5	13	23.9	5.2	4.69	4.815
LAUNE	2010	5	14	26.9	11.5	4.92	5.4
LAUNE	2010	5	15	24.3	12.6	4.23	5.4
LAUNE	2010	5	16	26.5	11.9	4.86	2.925
LAUNE	2010	5	17	24.3	10.6	4.51	3.51
LAUNE	2010	5	18	21.3	13.4	3.43	2.925
LAUNE	2010	5	19	24.2	8.5	4.73	2.925
LAUNE	2010	5	20	26.2	6.7	5.32	2.565
LAUNE	2010	5	21	26.9	7.5	5.46	2.385
LAUNE	2010	5	22	21.2	10	3.97	3.465
LAUNE	2010	5	23	15.9	10	2.66	4.725
LAUNE	2010	5	24	11.3	7.8	1.83	4.77
LAUNE	2010	5	25	13.1	2.9	2.95	2.61
LAUNE	2010	5	26	13.7	2.1	3.15	6.435
LAUNE	2010	5	27	11.6	8.6	1.75	3.285
LAUNE	2010	5	28	12.9	4.8	2.76	3.06
LAUNE	2010	5	29	12.3	4.9	2.62	5.85
LAUNE	2010	5	30	15.6	4	3.45	4.86
LAUNE	2010	5	31	17.9	2.8	4.04	1.935
LAUNE	2010	6	1	21.2	7.1	4.46	4.68
LAUNE	2010	6	2	22.6	9.2	4.61	4.095
LAUNE	2010	6	3	22.3	10.1	4.45	7.47
LAUNE	2010	6	4	15.7	7.9	3.1	8.73
LAUNE	2010	6	5	14	3	3.27	8.91
LAUNE	2010	6	6	16.8	0.7	4	4.725
LAUNE	2010	6	7	17.5	9.8	3.3	5.4
LAUNE	2010	6	8	17.4	6.2	3.75	3.42
LAUNE	2010	6	9	20.7	5.6	4.57	3.42
LAUNE	2010	6	10	21.4	8.8	4.46	2.97
LAUNE	2010	6	11	20.2	9.1	4.14	5.04
LAUNE	2010	6	12	14.4	10.4	2.31	9.135
LAUNE	2010	6	13	16.3	10	2.98	3.33
LAUNE	2010	6	14	16.9	9.8	3.18	2.07
LAUNE	2010	6	15	16	10.2	2.86	4.77
LAUNE	2010	6	16	16	6.6	3.42	6.84
LAUNE	2010	6	17	17.5	7.6	3.67	3.375
LAUNE	2010	6	18	18.9	9.1	3.83	7.02
LAUNE	2010	6	19	22.3	12.8	4.21	8.775
LAUNE	2010	6	20	18.8	8.6	3.88	6.21
LAUNE	2010	6	21	16.7	9.5	3.19	2.565
LAUNE	2010	6	22	17.4	10.3	3.25	3.465
LAUNE	2010	6	23	21	7.4	4.55	2.745
LAUNE	2010	6	24	24.5	6.7	5.43	1.845
LAUNE	2010	6	25	20.3	8.4	4.27	1.44
LAUNE	2010	6	26	22.3	12.5	4.25	3.51
LAUNE	2010	6	27	18.9	7	4.07	7.65
LAUNE	2010	6	28	25.3	5.8	5.66	6.255
LAUNE	2010	6	29	26.6	6.6	5.91	3.015
LAUNE	2010	6	30	25.5	9.1	5.45	4.455
LAUNE	2010	7	1	24.3	13.1	4.68	6.435
LAUNE	2010	7	2	22.4	9.6	4.61	3.645
LAUNE	2010	7	3	26.5	8.8	5.69	1.17
LAUNE	2010	7	4	27.8	10.3	5.87	3.825
LAUNE	2010	7	5	28.5	8.9	6.14	4.59
LAUNE	2010	7	6	26	13.6	5.02	0.675
LAUNE	2010	7	7	25.4	17.3	4.22	2.7
LAUNE	2010	7	8	26.7	18	4.47	2.52
LAUNE	2010	7	9	26.6	11.7	5.35	4.32
LAUNE	2010	7	10	26.9	10.5	5.53	4.05
LAUNE	2010	7	11	30.6	15.3	5.96	2.835
LAUNE	2010	7	12	32.4	15.8	6.37	5.04
LAUNE	2010	7	13	32.9	16.1	6.44	4.365
LAUNE	2010	7	14	31.2	18.2	5.67	5.175
LAUNE	2010	7	15	28.7	18.4	4.88	2.52
LAUNE	2010	7	16	29.6	17.3	5.3	5.67
LAUNE	2010	7	17	26.9	15	4.86	4.23
LAUNE	2010	7	18	27.3	16.6	4.71	4.995
LAUNE	2010	7	19	26.5	13.1	4.95	4.41
LAUNE	2010	7	20	25.2	11.4	4.79	4.77
LAUNE	2010	7	21	28	15.5	4.98	4.995
LAUNE	2010	7	22	28.8	15.1	5.21	8.01
LAUNE	2010	7	23	22.2	15	3.43	6.57
LAUNE	2010	7	24	15.9	13	1.91	6.66
LAUNE	2010	7	25	27.8	14	5	4.365
LAUNE	2010	7	26	31.9	18.9	5.4	4.05
LAUNE	2010	7	27	30.3	16.6	5.25	3.6
LAUNE	2010	7	28	34.2	16.1	6.25	5.31
LAUNE	2010	7	29	31	19.7	4.93	6.75
LAUNE	2010	7	30	25.5	18.1	3.62	6.75
LAUNE	2010	7	31	23.4	16.3	3.34	8.235
LAUNE	2010	8	1	25.2	12.1	4.35	4.455
LAUNE	2010	8	2	26.8	10	4.86	2.7
LAUNE	2010	8	3	25.2	15.5	3.87	3.825
LAUNE	2010	8	4	29	14.2	4.9	9.36
LAUNE	2010	8	5	18.9	8.7	3.21	0.63
LAUNE	2010	8	6	27.3	7.4	4.96	1.44
LAUNE	2010	8	7	32.8	14.6	5.59	2.925
LAUNE	2010	8	8	33.2	17.4	5.37	4.635
LAUNE	2010	8	9	24.1	17.8	3.01	6.21
LAUNE	2010	8	10	21	16.4	2.39	5.715
LAUNE	2010	8	11	21.8	10.9	3.4	3.51
LAUNE	2010	8	12	25.1	9.5	4.15	1.98
LAUNE	2010	8	13	29.1	15	4.45	3.195
LAUNE	2010	8	14	23	16	2.9	3.195
LAUNE	2010	8	15	25.1	13.9	3.63	3.6
LAUNE	2010	8	16	22	7.6	3.54	3.87
LAUNE	2010	8	17	23.5	7.9	3.75	3.33
LAUNE	2010	8	18	23.7	13	3.32	4.41
LAUNE	2010	8	19	20.3	5.1	3.29	3.6
LAUNE	2010	8	20	20.5	3.6	3.35	2.925
LAUNE	2010	8	21	23.1	6.1	3.62	4.095
LAUNE	2010	8	22	23	13.1	3.03	6.39
LAUNE	2010	8	23	21.2	7.4	3.15	4.725
LAUNE	2010	8	24	14	5.5	2.09	2.25
LAUNE	2010	8	25	18	6.1	2.65	1.8
LAUNE	2010	8	26	14.7	7.1	2.01	4.41
LAUNE	2010	8	27	11.5	8.9	1.13	3.24
LAUNE	2010	8	28	12.5	9	1.32	4.05
LAUNE	2010	8	29	13.1	7.3	1.64	2.475
LAUNE	2010	8	30	13.9	2.8	2.09	2.115
LAUNE	2010	8	31	14.2	2.9	2.1	1.62
LAUNE	2010	9	1	15.4	3.7	2.18	1.575
LAUNE	2010	9	2	12.6	7.4	1.46	7.875
LAUNE	2010	9	3	7.9	6.8	0.6	11.565
LAUNE	2010	9	4	10.6	6.4	1.2	4.905
LAUNE	2010	9	5	14.2	5.6	1.79	2.115
LAUNE	2010	9	6	15.9	8.2	1.8	0.81
LAUNE	2010	9	7	17.4	5.2	2.17	0.54
LAUNE	2010	9	8	17.8	9.9	1.88	0.765
LAUNE	2010	9	9	19.1	5.4	2.3	0.675
LAUNE	2010	9	10	18.6	7.9	2.07	2.925
LAUNE	2010	9	11	13.7	11.5	0.9	1.755
LAUNE	2010	9	12	17.5	12.3	1.47	4.95
LAUNE	2010	9	13	20.2	12.3	1.86	5.4
LAUNE	2010	9	14	14.5	10.7	1.13	3.69
LAUNE	2010	9	15	13.5	7.6	1.29	6.03
LAUNE	2010	9	16	14.1	6	1.45	5.625
LAUNE	2010	9	17	12.4	7.9	1.07	3.33
LAUNE	2010	9	18	11.7	6.3	1.1	4.185
LAUNE	2010	9	19	12.5	6	1.19	2.34
LAUNE	2010	9	20	13.5	3.9	1.39	0.81
LAUNE	2010	9	21	11.5	6.7	0.98	6.165
LAUNE	2010	9	22	11.6	3.4	1.18	2.7
LAUNE	2010	9	23	14	3.3	1.38	6.39
LAUNE	2010	9	24	14.9	8.8	1.15	4.185
LAUNE	2010	9	25	19.5	8.8	1.61	4.995
LAUNE	2010	9	26	12.4	4.4	1.11	5.94
LAUNE	2010	9	27	11.4	3.4	1.05	5.175
LAUNE	2010	9	28	10.1	2.6	0.95	6.57
LAUNE	2010	9	29	9.6	3.2	0.86	3.735
LAUNE	2010	9	30	12.9	-1.2	1.22	1.35
LAUNE	2010	10	1	12.7	-2	1.19	2.07
LAUNE	2010	10	2	11.5	2.7	0.97	0.72
LAUNE	2010	10	3	11.3	2.1	0.96	2.16
LAUNE	2010	10	4	12.7	0.5	1.07	3.42
LAUNE	2010	10	5	10.7	-3.1	0.98	3.555
LAUNE	2010	10	6	11.9	-3.4	1.03	4.23
LAUNE	2010	10	7	11.8	-3.2	1	3.96
LAUNE	2010	10	8	8.9	-0.4	0.77	0.945
LAUNE	2010	10	9	9.5	6.9	0.47	3.645
LAUNE	2010	10	10	9.2	3.2	0.64	8.64
LAUNE	2010	10	11	9.2	3.1	0.63	9.27
LAUNE	2010	10	12	2.9	0.8	0.29	9.675
LAUNE	2010	10	13	6.1	-3	0.58	5.49
LAUNE	2010	10	14	6.3	-2.6	0.57	6.075
LAUNE	2010	10	15	1.3	0.3	0.18	10.62
LAUNE	2010	10	16	2.5	-4	0.4	4.77
LAUNE	2010	10	17	6	-6.3	0.55	3.555
LAUNE	2010	10	18	9	0.3	0.58	7.965
LAUNE	2010	10	19	5.8	3.8	0.27	9.81
LAUNE	2010	10	20	6.3	4.3	0.27	4.275
LAUNE	2010	10	21	4.1	-3.7	0.4	4.095
LAUNE	2010	10	22	-0.2	-8.5	0.3	0.495
LAUNE	2010	10	23	5.5	-5.6	0.45	5.715
LAUNE	2010	10	24	4	-2.3	0.34	0.945
LAUNE	2010	10	25	4.3	-1	0.32	3.69
LAUNE	2010	10	26	1.9	-0.4	0.19	3.015
LAUNE	2010	10	27	2.6	-4.6	0.3	3.06
LAUNE	2010	10	28	7.3	3.3	0.3	7.56
LAUNE	2010	10	29	8.3	1.1	0.38	3.15
LAUNE	2010	10	30	8.4	2.8	0.34	6.975
LAUNE	2010	10	31	7.7	6.6	0.16	7.605
LAUNE	2010	11	1	8.4	4.6	0.27	4.455
LAUNE	2010	11	2	6.2	-1.1	0.3	4.5
LAUNE	2010	11	3	8	5.1	0.22	10.71
LAUNE	2010	11	4	6.6	4.7	0.17	9.855
LAUNE	2010	11	5	4.6	1	0.2	4.095
LAUNE	2010	11	6	0.8	-1.1	0.12	2.07
LAUNE	2010	11	7	2.1	-2.8	0.18	4.41
LAUNE	2010	11	8	0.5	-8.9	0.19	0.36
LAUNE	2010	11	9	0.7	-3.9	0.15	6.57
LAUNE	2010	11	10	2.6	1.2	0.1	1.53
LAUNE	2010	11	11	2	-0.5	0.12	1.845
LAUNE	2010	11	12	2.6	-2.3	0.16	3.6
LAUNE	2010	11	13	4.5	0.6	0.15	3.51
LAUNE	2010	11	14	4	0.7	0.14	4.725
LAUNE	2010	11	15	4.8	1.9	0.13	4.14
LAUNE	2010	11	16	2	-1.3	0.11	4.275
LAUNE	2010	11	17	-1.7	-2.9	0.06	3.555
LAUNE	2010	11	18	-0.7	-2.2	0.06	3.735
LAUNE	2010	11	19	-3.7	-5.1	0.05	5.94
LAUNE	2010	11	20	-1.2	-5.1	0.09	4.005
LAUNE	2010	11	21	-2.6	-9.1	0.09	5.625
LAUNE	2010	11	22	-8.6	-11	0.03	1.17
LAUNE	2010	11	23	-5.1	-9.1	0.06	7.11
LAUNE	2010	11	24	-4.4	-6.7	0.05	11.52
LAUNE	2010	11	25	-7.3	-11.6	0.04	8.415
LAUNE	2010	11	26	-10.6	-12.3	0.02	6.57
LAUNE	2010	11	27	-10.5	-13.6	0.02	5.805
LAUNE	2010	11	28	-10.9	-16.6	0.02	3.195
LAUNE	2010	11	29	-14.1	-16.5	0.01	4.5
LAUNE	2010	11	30	-10.1	-16.5	0.02	3.96
LAUNE	2010	12	1	-4.6	-9.1	0.05	1.62
LAUNE	2010	12	2	-3.3	-8.7	0.06	2.97
LAUNE	2010	12	3	-7.6	-8.9	0.02	5.67
LAUNE	2010	12	4	-7.8	-11.1	0.03	2.52
LAUNE	2010	12	5	-1.8	-10.6	0.06	4.41
LAUNE	2010	12	6	-4.1	-5.6	0.03	5.895
LAUNE	2010	12	7	-4.3	-7.2	0.04	2.79
LAUNE	2010	12	8	-5.3	-7.2	0.03	1.305
LAUNE	2010	12	9	-5.1	-6.5	0.02	7.965
LAUNE	2010	12	10	-7	-12	0.03	10.44
LAUNE	2010	12	11	-8.4	-12.1	0.02	2.61
LAUNE	2010	12	12	-15	-16.9	0	2.835
LAUNE	2010	12	13	-13.5	-16.8	0.01	6.165
LAUNE	2010	12	14	-10.2	-13.5	0.02	6.84
LAUNE	2010	12	15	-11.6	-20.9	0.01	3.015
LAUNE	2010	12	16	-3.8	-18.2	0.04	6.57
LAUNE	2010	12	17	-5.4	-14.1	0.04	4.41
LAUNE	2010	12	18	-13.3	-15.8	0.01	6.435
LAUNE	2010	12	19	-11.8	-13	0.01	5.805
LAUNE	2010	12	20	-9.3	-13.2	0.02	1.71
LAUNE	2010	12	21	-10.2	-14.4	0.02	0
LAUNE	2010	12	22	-11	-18.6	0.01	2.97
LAUNE	2010	12	23	-20.5	-26.1	0	1.71
LAUNE	2010	12	24	-18	-26.1	0	4.5
LAUNE	2010	12	25	-10.8	-16.4	0.02	7.155
LAUNE	2010	12	26	-8.3	-9.5	0.02	5.985
LAUNE	2010	12	27	-9.1	-11.2	0.02	3.42
LAUNE	2010	12	28	-10.9	-12.1	0.01	3.51
LAUNE	2010	12	29	-9.9	-10.8	0.01	4.77
LAUNE	2010	12	30	-8	-11.4	0.02	1.89
LAUNE	2010	12	31	-5.9	-14.1	0.04	1.665
LAUNE	2011	1	1	-4.5	-10.3	0.04	5.445
LAUNE	2011	1	2	-10.6	-12.7	0.02	1.8
LAUNE	2011	1	3	-9.4	-15.4	0.02	0
LAUNE	2011	1	4	-9.8	-12.5	0.02	0
LAUNE	2011	1	5	-9.9	-18.9	0.02	0.81
LAUNE	2011	1	6	-5.2	-9.3	0.04	10.71
LAUNE	2011	1	7	-1.3	-6.2	0.06	8.64
LAUNE	2011	1	8	-1.8	-6.9	0.06	6.795
LAUNE	2011	1	9	1.3	-1.1	0.06	8.28
LAUNE	2011	1	10	1	-0.1	0.04	10.395
LAUNE	2011	1	11	1.6	-0.5	0.06	12.015
LAUNE	2011	1	12	-1.4	-3.6	0.05	5.58
LAUNE	2011	1	13	-4.1	-4.9	0.03	6.84
LAUNE	2011	1	14	-6.4	-10.1	0.04	5.715
LAUNE	2011	1	15	-12.9	-25.5	0	2.16
LAUNE	2011	1	16	-7.9	-26.5	0.01	5.67
LAUNE	2011	1	17	0.2	-6.1	0.1	3.645
LAUNE	2011	1	18	0.6	-0.2	0.04	3.735
LAUNE	2011	1	19	0.2	-1.3	0.06	0.315
LAUNE	2011	1	20	-2.4	-8	0.09	4.365
LAUNE	2011	1	21	-5.1	-7.9	0.06	2.115
LAUNE	2011	1	22	-4.9	-10.1	0.07	2.745
LAUNE	2011	1	23	-5.3	-9.3	0.07	0.585
LAUNE	2011	1	24	0	-8	0.13	6.615
LAUNE	2011	1	25	-0.6	-13.6	0.14	5.94
LAUNE	2011	1	26	-12.8	-23.6	0	2.025
LAUNE	2011	1	27	-2.5	-21.2	0.1	3.69
LAUNE	2011	1	28	0.1	-1.7	0.09	4.95
LAUNE	2011	1	29	-1.2	-3.2	0.09	10.035
LAUNE	2011	1	30	-1.7	-16.8	0.14	8.91
LAUNE	2011	1	31	-1.5	-14.2	0.15	5.085
LAUNE	2011	2	1	-0.4	-8.5	0.17	1.485
LAUNE	2011	2	2	1.2	-0.1	0.1	5.22
LAUNE	2011	2	3	0.8	-2.8	0.15	8.1
LAUNE	2011	2	4	0.1	-1.2	0.1	5.535
LAUNE	2011	2	5	-0.9	-4.3	0.14	1.395
LAUNE	2011	2	6	-1.4	-4.5	0.14	4.905
LAUNE	2011	2	7	-0.9	-4.3	0.15	4.59
LAUNE	2011	2	8	-0.8	-4.2	0.16	8.37
LAUNE	2011	2	9	-5.1	-11.6	0.14	9.315
LAUNE	2011	2	10	-9.1	-19	0.07	0.72
LAUNE	2011	2	11	-12.8	-18.5	0.03	2.88
LAUNE	2011	2	12	-12.4	-18.7	0.04	7.11
LAUNE	2011	2	13	-16.6	-20.9	0	5.13
LAUNE	2011	2	14	-17.5	-27.4	0	3.69
LAUNE	2011	2	15	-15	-27.5	0	1.035
LAUNE	2011	2	16	-15.1	-26.8	0	0.36
LAUNE	2011	2	17	-16.7	-29.6	0	1.305
LAUNE	2011	2	18	-17.6	-31.5	0	1.215
LAUNE	2011	2	19	-14.8	-29.6	0	0.495
LAUNE	2011	2	20	-12.7	-31	0	0.405
LAUNE	2011	2	21	-12	-24.9	0	0
LAUNE	2011	2	22	-12.1	-21.8	0.02	2.16
LAUNE	2011	2	23	-13.1	-26	0	0.36
LAUNE	2011	2	24	-12.9	-27.9	0	0.675
LAUNE	2011	2	25	-7.2	-22.8	0.1	7.11
LAUNE	2011	2	26	-4.3	-5.9	0.16	8.91
LAUNE	2011	2	27	-1.8	-12.9	0.34	4.725
LAUNE	2011	2	28	-3.5	-18	0.27	1.62
LAUNE	2011	3	1	-3.9	-8.7	0.26	2.97
LAUNE	2011	3	2	2.9	-4.7	0.5	6.075
LAUNE	2011	3	3	3.5	-3.5	0.52	10.62
LAUNE	2011	3	4	4.5	-3.9	0.59	9.9
LAUNE	2011	3	5	1.5	-1.9	0.38	14.31
LAUNE	2011	3	6	-0.9	-10	0.44	7.38
LAUNE	2011	3	7	0.5	-14.4	0.51	5.31
LAUNE	2011	3	8	0.5	-9.5	0.52	7.155
LAUNE	2011	3	9	3.4	-3.6	0.6	14.355
LAUNE	2011	3	10	3	-0.1	0.44	13.815
LAUNE	2011	3	11	0.9	-5.7	0.53	10.71
LAUNE	2011	3	12	1.6	-11.1	0.63	1.395
LAUNE	2011	3	13	1.4	-9.4	0.63	3.915
LAUNE	2011	3	14	4.1	-4.1	0.73	7.155
LAUNE	2011	3	15	0.1	-12.1	0.6	5.535
LAUNE	2011	3	16	2.3	-15.1	0.71	1.44
LAUNE	2011	3	17	1.4	-15.4	0.67	5.4
LAUNE	2011	3	18	3.6	-4.9	0.78	7.965
LAUNE	2011	3	19	0.6	-3	0.5	3.375
LAUNE	2011	3	20	1.6	-11	0.75	3.33
LAUNE	2011	3	21	1.2	-11.6	0.74	5.85
LAUNE	2011	3	22	8	2.2	0.94	9.675
LAUNE	2011	3	23	3.5	-2.3	0.76	13.005
LAUNE	2011	3	24	-0.4	-6	0.6	15.3
LAUNE	2011	3	25	-4.1	-12.3	0.49	7.695
LAUNE	2011	3	26	-1	-13.1	0.68	4.95
LAUNE	2011	3	27	2.8	-8.7	0.93	9.405
LAUNE	2011	3	28	-0.2	-6.7	0.69	9.675
LAUNE	2011	3	29	2.2	-11	0.93	2.925
LAUNE	2011	3	30	1.4	-11.9	0.89	4.095
LAUNE	2011	3	31	4.2	-14.9	1.08	3.15
LAUNE	2011	4	1	2.3	-12.9	0.98	4.725
LAUNE	2011	4	2	4.1	-2.9	1	5.22
LAUNE	2011	4	3	4.7	1.9	0.74	9.225
LAUNE	2011	4	4	4.3	2.4	0.62	6.255
LAUNE	2011	4	5	8.4	1.5	1.29	6.21
LAUNE	2011	4	6	3.7	1.9	0.61	3.51
LAUNE	2011	4	7	2.5	0.5	0.61	5.085
LAUNE	2011	4	8	3	0.7	0.67	3.825
LAUNE	2011	4	9	7.3	1.2	1.25	10.35
LAUNE	2011	4	10	7.9	0.8	1.38	9.585
LAUNE	2011	4	11	6.1	-1.5	1.31	1.485
LAUNE	2011	4	12	9.9	-2.4	1.81	1.62
LAUNE	2011	4	13	7.3	-3.8	1.58	1.08
LAUNE	2011	4	14	9.1	-5	1.83	1.71
LAUNE	2011	4	15	12.2	-4.2	2.2	4.59
LAUNE	2011	4	16	14.3	2.9	2.26	3.645
LAUNE	2011	4	17	14.7	5.4	2.19	10.71
LAUNE	2011	4	18	9.2	2.2	1.62	15.255
LAUNE	2011	4	19	8.9	-4.1	1.91	5.76
LAUNE	2011	4	20	6.5	-4.2	1.64	4.275
LAUNE	2011	4	21	12.5	2.6	2.15	2.835
LAUNE	2011	4	22	14.1	0	2.55	2.43
LAUNE	2011	4	23	17.4	-1	3.08	2.7
LAUNE	2011	4	24	20.1	-1.2	3.52	1.8
LAUNE	2011	4	25	20.6	3.3	3.51	4.005
LAUNE	2011	4	26	21.2	1.6	3.71	6.66
LAUNE	2011	4	27	15.2	1.9	2.78	3.195
LAUNE	2011	4	28	13.7	-1.2	2.7	2.97
LAUNE	2011	4	29	15.3	-2.8	3.01	2.475
LAUNE	2011	4	30	10.8	1.3	2.19	6.48
LAUNE	2011	5	1	6.1	0.2	1.52	7.38
LAUNE	2011	5	2	6.2	0.6	1.52	6.12
LAUNE	2011	5	3	7.3	0	1.77	4.32
LAUNE	2011	5	4	9.5	0.8	2.09	4.41
LAUNE	2011	5	5	12.5	1	2.6	2.79
LAUNE	2011	5	6	15	-0.8	3.11	3.285
LAUNE	2011	5	7	16.5	-2.2	3.42	3.69
LAUNE	2011	5	8	20	-1.4	4.02	2.88
LAUNE	2011	5	9	22.1	0.9	4.37	4.365
LAUNE	2011	5	10	21.5	5.6	4.09	3.555
LAUNE	2011	5	11	22.9	5	4.43	2.97
LAUNE	2011	5	12	21.2	9.4	3.78	4.545
LAUNE	2011	5	13	16.4	6.2	3.1	7.38
LAUNE	2011	5	14	15.2	4.3	3.06	8.19
LAUNE	2011	5	15	14.5	7.5	2.58	7.11
LAUNE	2011	5	16	9.8	6.4	1.62	5.13
LAUNE	2011	5	17	12.6	7	2.24	8.595
LAUNE	2011	5	18	14	1.9	3.09	8.91
LAUNE	2011	5	19	11.6	2.9	2.56	6.66
LAUNE	2011	5	20	19.2	3.1	4.06	6.03
LAUNE	2011	5	21	18.9	0.8	4.13	5.49
LAUNE	2011	5	22	21	2.7	4.49	4.275
LAUNE	2011	5	23	19.8	3.7	4.22	6.12
LAUNE	2011	5	24	18.2	2.6	3.98	9.945
LAUNE	2011	5	25	11.8	4.6	2.5	4.545
LAUNE	2011	5	26	14.6	0.8	3.41	7.065
LAUNE	2011	5	27	13.7	0.6	3.27	6.48
LAUNE	2011	5	28	14.5	7.8	2.73	6.165
LAUNE	2011	5	29	12.7	6.6	2.48	7.11
LAUNE	2011	5	30	16.6	4.7	3.61	7.74
LAUNE	2011	5	31	22.9	3.6	5.05	5.895
LAUNE	2011	6	1	28	15.6	5.22	7.47
LAUNE	2011	6	2	21	11.4	3.94	6.48
LAUNE	2011	6	3	19.8	8.3	4.04	7.02
LAUNE	2011	6	4	24.7	8.1	5.24	6.615
LAUNE	2011	6	5	18.9	5.6	4.12	3.555
LAUNE	2011	6	6	22.8	8.2	4.81	6.525
LAUNE	2011	6	7	27	13.1	5.38	8.055
LAUNE	2011	6	8	26.8	8.6	5.77	4.005
LAUNE	2011	6	9	27.4	8.6	5.93	3.015
LAUNE	2011	6	10	30.6	12.9	6.39	3.015
LAUNE	2011	6	11	29.1	13.8	5.91	3.555
LAUNE	2011	6	12	29.5	12.7	6.14	3.78
LAUNE	2011	6	13	12.4	8.6	2.11	4.86
LAUNE	2011	6	14	14.7	8.8	2.75	2.97
LAUNE	2011	6	15	14.2	10.1	2.33	1.665
LAUNE	2011	6	16	21	6.6	4.61	3.825
LAUNE	2011	6	17	21.5	5.9	4.79	3.69
LAUNE	2011	6	18	15.4	8.9	2.94	2.025
LAUNE	2011	6	19	19.2	9.7	3.83	2.61
LAUNE	2011	6	20	18.5	10.2	3.57	2.52
LAUNE	2011	6	21	16.7	10.6	2.99	5.31
LAUNE	2011	6	22	19.8	8	4.2	6.525
LAUNE	2011	6	23	16.4	12	2.59	8.64
LAUNE	2011	6	24	18.8	8.8	3.85	4.185
LAUNE	2011	6	25	15.8	7.1	3.31	1.08
LAUNE	2011	6	26	21.6	6.4	4.77	3.465
LAUNE	2011	6	27	24	12.1	4.77	4.23
LAUNE	2011	6	28	25.5	12	5.17	2.16
LAUNE	2011	6	29	26.4	11.8	5.43	3.24
LAUNE	2011	6	30	27.4	10.3	5.82	2.61
LAUNE	2011	7	1	29.4	16.8	5.59	4.68
LAUNE	2011	7	2	30.9	17.5	5.91	2.52
LAUNE	2011	7	3	26.3	15.5	4.87	5.175
LAUNE	2011	7	4	17	14.1	2.16	4.5
LAUNE	2011	7	5	17.7	13.6	2.57	1.665
LAUNE	2011	7	6	26.4	13.4	5.15	2.88
LAUNE	2011	7	7	27.3	12.2	5.52	2.25
LAUNE	2011	7	8	27.4	16.7	4.92	1.845
LAUNE	2011	7	9	27.9	15.8	5.19	1.935
LAUNE	2011	7	10	25.2	15.7	4.42	2.475
LAUNE	2011	7	11	27.1	14.4	5.13	3.375
LAUNE	2011	7	12	19.9	12.4	3.44	4.725
LAUNE	2011	7	13	18.8	13.3	2.93	4.68
LAUNE	2011	7	14	21.3	11	4	2.79
LAUNE	2011	7	15	18.1	11.7	3.02	2.79
LAUNE	2011	7	16	19.2	10.7	3.47	3.195
LAUNE	2011	7	17	20.9	11.1	3.83	2.52
LAUNE	2011	7	18	24.7	9.6	4.9	6.165
LAUNE	2011	7	19	22.4	12.9	3.92	3.825
LAUNE	2011	7	20	24.9	11.7	4.68	1.44
LAUNE	2011	7	21	29.9	18	5.14	4.41
LAUNE	2011	7	22	30.7	17.4	5.42	3.6
LAUNE	2011	7	23	28	18.2	4.52	5.175
LAUNE	2011	7	24	22.2	12.6	3.8	3.87
LAUNE	2011	7	25	24.5	10.5	4.58	4.455
LAUNE	2011	7	26	27.3	13.6	4.89	1.8
LAUNE	2011	7	27	28.6	14.8	5.04	2.925
LAUNE	2011	7	28	26.7	20.5	3.52	4.815
LAUNE	2011	7	29	24.4	18.1	3.32	4.05
LAUNE	2011	7	30	21.7	17	2.7	4.41
LAUNE	2011	7	31	23.7	14.7	3.69	5.265
LAUNE	2011	8	1	17.5	10.1	2.82	5.355
LAUNE	2011	8	2	20.8	7.9	3.77	3.15
LAUNE	2011	8	3	25.1	6.6	4.69	1.845
LAUNE	2011	8	4	25.6	7.7	4.69	3.96
LAUNE	2011	8	5	24.4	11	4.15	3.645
LAUNE	2011	8	6	22.5	9.9	3.81	3.42
LAUNE	2011	8	7	23.6	16.7	3.13	5.94
LAUNE	2011	8	8	21.3	10.3	3.46	7.56
LAUNE	2011	8	9	16.2	10.1	2.34	2.25
LAUNE	2011	8	10	19.8	7.8	3.33	3.33
LAUNE	2011	8	11	16.7	11	2.28	1.35
LAUNE	2011	8	12	18.4	9.7	2.8	1.935
LAUNE	2011	8	13	20	7.1	3.32	3.375
LAUNE	2011	8	14	18.9	8.3	2.99	3.24
LAUNE	2011	8	15	19.4	14.5	2.23	3.6
LAUNE	2011	8	16	19.4	16.5	1.75	3.24
LAUNE	2011	8	17	18.2	14.6	1.84	4.41
LAUNE	2011	8	18	20	8.4	3.05	3.375
LAUNE	2011	8	19	21.8	8.2	3.35	1.98
LAUNE	2011	8	20	18.5	10.2	2.54	4.455
LAUNE	2011	8	21	20.1	8.5	2.96	2.835
LAUNE	2011	8	22	19.4	11.9	2.45	1.53
LAUNE	2011	8	23	17.8	13.5	1.83	0
LAUNE	2011	8	24	22.4	9.9	3.14	1.44
LAUNE	2011	8	25	22.1	11.1	2.95	2.475
LAUNE	2011	8	26	24.3	14	3.03	2.835
LAUNE	2011	8	27	25.7	12.7	3.37	4.41
LAUNE	2011	8	28	24.4	12.1	3.15	4.77
LAUNE	2011	8	29	17.4	9.1	2.18	3.24
LAUNE	2011	8	30	17.7	9.8	2.14	2.025
LAUNE	2011	8	31	16.2	11.2	1.67	2.565
LAUNE	2011	9	1	16.1	8.2	1.97	2.79
LAUNE	2011	9	2	16.2	8.9	1.89	0.585
LAUNE	2011	9	3	16.6	11	1.7	3.015
LAUNE	2011	9	4	18.6	6.7	2.35	1.125
LAUNE	2011	9	5	20.7	5.4	2.66	4.05
LAUNE	2011	9	6	20.3	10.8	2.24	5.175
LAUNE	2011	9	7	16.7	11	1.62	6.3
LAUNE	2011	9	8	14.7	11.4	1.18	2.565
LAUNE	2011	9	9	14.7	8.4	1.52	0.36
LAUNE	2011	9	10	16.9	6.2	1.95	0.27
LAUNE	2011	9	11	17	5.2	1.99	2.205
LAUNE	2011	9	12	17	7.1	1.85	6.795
LAUNE	2011	9	13	16.4	12.7	1.21	7.155
LAUNE	2011	9	14	13.6	11.9	0.76	11.295
LAUNE	2011	9	15	12.9	11.4	0.69	9.45
LAUNE	2011	9	16	15.7	10.9	1.25	6.21
LAUNE	2011	9	17	14	5.5	1.44	1.845
LAUNE	2011	9	18	14.5	6	1.44	0.99
LAUNE	2011	9	19	13.6	5.5	1.35	6.795
LAUNE	2011	9	20	15.7	8.5	1.37	3.105
LAUNE	2011	9	21	16	9.8	1.28	4.05
LAUNE	2011	9	22	14.2	6.3	1.29	4.275
LAUNE	2011	9	23	13.3	6.3	1.17	7.515
LAUNE	2011	9	24	10.1	5.7	0.84	7.65
LAUNE	2011	9	25	11.1	5.4	0.96	2.7
LAUNE	2011	9	26	13.4	5.3	1.16	2.835
LAUNE	2011	9	27	14.8	7.7	1.14	8.235
LAUNE	2011	9	28	11.9	5.3	0.98	5.13
LAUNE	2011	9	29	13	4.5	1.09	2.025
LAUNE	2011	9	30	20.5	9.5	1.51	7.695
LAUNE	2011	10	1	12.1	-0.6	1.13	4.185
LAUNE	2011	10	2	12.4	-1.1	1.13	3.015
LAUNE	2011	10	3	11.4	8.7	0.59	2.295
LAUNE	2011	10	4	12.7	7.7	0.79	4.41
LAUNE	2011	10	5	12.8	0.6	1.05	5.805
LAUNE	2011	10	6	13.4	-0.1	1.08	8.28
LAUNE	2011	10	7	11.7	6.3	0.73	10.035
LAUNE	2011	10	8	12.3	4.2	0.85	2.61
LAUNE	2011	10	9	9.5	0.9	0.75	1.755
LAUNE	2011	10	10	8.4	5.3	0.47	6.84
LAUNE	2011	10	11	7.8	0.5	0.63	4.86
LAUNE	2011	10	12	6.5	-1.7	0.59	2.97
LAUNE	2011	10	13	6.4	4.5	0.32	8.865
LAUNE	2011	10	14	6.5	-2	0.57	5.625
LAUNE	2011	10	15	6.1	-1.9	0.53	1.755
LAUNE	2011	10	16	7.7	3.6	0.44	2.565
LAUNE	2011	10	17	11.6	6	0.57	6.75
LAUNE	2011	10	18	8.6	5.6	0.38	9.495
LAUNE	2011	10	19	8.4	4.1	0.43	7.2
LAUNE	2011	10	20	9.5	-0.2	0.58	4.635
LAUNE	2011	10	21	6.8	-2.4	0.49	3.825
LAUNE	2011	10	22	8.9	-0.3	0.52	5.76
LAUNE	2011	10	23	8.1	-2	0.5	0.945
LAUNE	2011	10	24	8.9	0.7	0.48	3.015
LAUNE	2011	10	25	10	-1.1	0.53	2.7
LAUNE	2011	10	26	6.1	3.6	0.25	2.745
LAUNE	2011	10	27	6.6	3.3	0.28	3.69
LAUNE	2011	10	28	7.8	5.6	0.24	3.78
LAUNE	2011	10	29	9.1	0	0.43	3.96
LAUNE	2011	10	30	9.6	5.6	0.31	7.11
LAUNE	2011	10	31	9.3	7.2	0.22	5.58
LAUNE	2011	11	1	10.6	2.1	0.4	3.825
LAUNE	2011	11	2	11	9.3	0.2	7.425
LAUNE	2011	11	3	10	8.7	0.17	1.17
LAUNE	2011	11	4	8.4	6.5	0.18	3.465
LAUNE	2011	11	5	8.8	7.3	0.16	10.215
LAUNE	2011	11	6	7.2	5.9	0.14	7.785
LAUNE	2011	11	7	7.6	5.3	0.17	3.51
LAUNE	2011	11	8	9.3	-0.2	0.31	4.905
LAUNE	2011	11	9	4.4	-3.2	0.22	1.035
LAUNE	2011	11	10	4.7	-5	0.23	2.025
LAUNE	2011	11	11	5.7	2.8	0.15	3.735
LAUNE	2011	11	12	3.2	0.8	0.12	3.195
LAUNE	2011	11	13	6.1	2.2	0.17	6.75
LAUNE	2011	11	14	7.2	-0.1	0.21	7.515
LAUNE	2011	11	15	1.1	-3.3	0.12	4.275
LAUNE	2011	11	16	4.7	-2.9	0.18	5.445
LAUNE	2011	11	17	5.5	3.9	0.1	4.905
LAUNE	2011	11	18	4.9	2.5	0.11	4.095
LAUNE	2011	11	19	3	-2	0.13	6.525
LAUNE	2011	11	20	-2.5	-11.4	0.1	0.36
LAUNE	2011	11	21	-0.4	-7.8	0.11	0.81
